cam0:
  cam_overlaps: []
  camera_model: pinhole
  distortion_coeffs: [-0.04872818566949451, 0.042772732562127394, 8.312043175509823e-05, 0.0005958215093906564]
  distortion_model: radtan
  intrinsics: [632.9093123287365, 633.2116864152113, 640.4839594188662, 366.32882051604616]
  resolution: [1280, 720]
  rostopic: /orin_d455_back_camera/color/image_raw
