cam0:
  T_cam_imu:
  - [-0.01972357644220879, -0.9997965575926846, -0.004221842979405255, -0.012563944938696309]
  - [0.008858264861181242, 0.004047749566921555, -0.9999525723088518, 0.16632370226223997]
  - [0.9997662285134332, -0.019760039201830948, 0.008776626616451177, -0.2941277864265579]
  - [0.0, 0.0, 0.0, 1.0]
  cam_overlaps: []
  camera_model: pinhole
  distortion_coeffs: [-0.04872818566949451, 0.042772732562127394, 8.312043175509823e-05, 0.0005958215093906564]
  distortion_model: radtan
  intrinsics: [632.9093123287365, 633.2116864152113, 640.4839594188662, 366.32882051604616]
  resolution: [1280, 720]
  rostopic: /orin_d455_back_camera/color/image_raw
  timeshift_cam_imu: 0.0034550804404969294
