cam0:
  cam_overlaps: [1]
  camera_model: pinhole
  distortion_coeffs: [0.010815535092655879, -0.0005813444728282344, 0.0013256175433578748, -0.0009611534508021175]
  distortion_model: radtan
  intrinsics: [645.4830894554261, 643.0751417836171, 639.8821221490487, 357.43373591457885]
  resolution: [1280, 720]
  rostopic: /cam_front_down/infra1/image_rect_raw
cam1:
  T_cn_cnm1:
  - [0.999999448334093, -0.00017987854643160934, 0.0010348793272378367, -0.0497342209324893]
  - [0.00018197159459724775, 0.9999979376498339, -0.002022766032297624, 1.630656132194149e-05]
  - [-0.0010345133407406216, 0.0020229532350479556, 0.9999974187178488, -0.00011557418722279597]
  - [0.0, 0.0, 0.0, 1.0]
  cam_overlaps: [0]
  camera_model: pinhole
  distortion_coeffs: [0.012202270868226475, -0.003003385397417338, 0.0009940184836570271, -0.0009915437632209592]
  distortion_model: radtan
  intrinsics: [645.4717054932978, 642.8518986225815, 638.879815639656, 358.1737751519804]
  resolution: [1280, 720]
  rostopic: /cam_front_down/infra2/image_rect_raw
