cam0:
  cam_overlaps: [1]
  camera_model: pinhole
  distortion_coeffs: [0.004987188311995296, 0.0008637782941197312, 0.00015617709840128454, -0.0017177845857861956]
  distortion_model: radtan
  intrinsics: [643.9512039277172, 641.092615001072, 643.4720250206126, 355.0011313724627]
  resolution: [1280, 720]
  rostopic: /unitree_side_left_camera/infra1/image_rect_raw
cam1:
  T_cn_cnm1:
  - [0.9999949227302011, -0.00018671102378790103, 0.0031811401743963535, -0.049768724194326715]
  - [0.00018039697544339355, 0.9999980135951846, 0.001985009474203441, 2.41124086018001e-05]
  - [-0.0031815044785153553, -0.001984425527708868, 0.9999929700175769, 0.00027465504058904244]
  - [0.0, 0.0, 0.0, 1.0]
  cam_overlaps: [0]
  camera_model: pinhole
  distortion_coeffs: [0.005969830547727654, -0.0010993484026153846, 0.00029433801799143365, -0.0010258073520591543]
  distortion_model: radtan
  intrinsics: [644.3037362786312, 641.7814888473406, 641.1141993991923, 354.57470285837144]
  resolution: [1280, 720]
  rostopic: /unitree_side_left_camera/infra2/image_rect_raw
