cam0:
  cam_overlaps: [1]
  camera_model: pinhole
  distortion_coeffs: [0.005054891718273199, 0.0038127434762296668, 0.0015669078764995689, -0.0005508200272432472]
  distortion_model: radtan
  intrinsics: [639.7637457991366, 643.8260068720325, 638.5331201079915, 359.71376771709083]
  resolution: [1280, 720]
  rostopic: /unitree_back_down_camera/infra1/image_rect_raw
cam1:
  T_cn_cnm1:
  - [0.9999985716001533, -0.000655137779607044, -0.0015580732172393718, -0.04992524279839014]
  - [0.0006590505630523887, 0.9999966274718161, 0.002512110140229771, 0.00010177808058556802]
  - [0.0015564221843341298, -0.002513133400963121, 0.9999956308457055, -4.769700852046902e-05]
  - [0.0, 0.0, 0.0, 1.0]
  cam_overlaps: [0]
  camera_model: pinhole
  distortion_coeffs: [0.006987302606578366, 0.0009392547797540007, 0.0016423577107422989, -0.00010287883499111759]
  distortion_model: radtan
  intrinsics: [640.0831779224401, 644.3251702335591, 637.9856709971282, 359.1601226705157]
  resolution: [1280, 720]
  rostopic: /unitree_back_down_camera/infra2/image_rect_raw
