cam0:
  cam_overlaps: [1]
  camera_model: pinhole
  distortion_coeffs: [0.0034344067385289412, -0.001286052256545117, -0.0006331014236943454, -0.0010577686388469896]
  distortion_model: radtan
  intrinsics: [644.6759653079637, 647.7383510970164, 638.9320688700258, 354.06228320800744]
  resolution: [1280, 720]
  rostopic: /unitree_side_right_camera/infra1/image_rect_raw
cam1:
  T_cn_cnm1:
  - [0.9999960963989643, 0.0003648933842018697, -0.00277020570531257, -0.0500832676522537]
  - [-0.00036627124161608016, 0.9999998094711032, -0.0004968934824971479, 1.2784710451200796e-05]
  - [0.0027700238643639198, 0.0004979061895064522, 0.999996039520765, 4.111696398401535e-05]
  - [0.0, 0.0, 0.0, 1.0]
  cam_overlaps: [0]
  camera_model: pinhole
  distortion_coeffs: [0.004443913904289538, -0.00226522495935974, -0.0005527873131410013, -0.00022095415661546467]
  distortion_model: radtan
  intrinsics: [643.8251084733754, 647.2898620379349, 639.9940230032172, 354.9579153636785]
  resolution: [1280, 720]
  rostopic: /unitree_side_right_camera/infra2/image_rect_raw
