cam0:
  cam_overlaps: [1, 2]
  camera_model: pinhole
  distortion_coeffs: [0.012692307712360755, -0.005737058061179601, -0.001768919380431655, -0.00014248766047864574]
  distortion_model: radtan
  intrinsics: [659.9139240696829, 663.6905028432622, 646.3796860837847, 360.59616797397973]
  resolution: [1280, 720]
  rostopic: /camera/infra1/image_rect_raw
cam1:
  T_cn_cnm1:
  - [0.9999196077284209, 0.000797260304306615, 0.012654740465360253, -0.09504213415419785]
  - [-0.0008076712720743117, 0.9999993395953609, 0.0008176037890441618, -3.155703878195659e-05]
  - [-0.012654080265065303, -0.0008277589303477376, 0.9999195913011186, 0.0007777325612011803]
  - [0.0, 0.0, 0.0, 1.0]
  cam_overlaps: [0, 2]
  camera_model: pinhole
  distortion_coeffs: [0.016338950227134476, -0.008506440886485426, -0.0020077713129841796, -0.0031779597648676325]
  distortion_model: radtan
  intrinsics: [658.9675361317375, 663.2745602086726, 637.7256287437142, 359.9268520831796]
  resolution: [1280, 720]
  rostopic: /camera/infra2/image_rect_raw
cam2:
  T_cn_cnm1:
  - [0.9999854015092511, 0.0016122644142734528, -0.005157263987103359, 0.03618303983295239]
  - [-0.0016043652575278198, 0.9999975342349148, 0.0015354270426147772, -9.865896339831253e-05]
  - [0.005159726784883425, -0.0015271304925324979, 0.9999855224411783, -0.00021510897851224239]
  - [0.0, 0.0, 0.0, 1.0]
  cam_overlaps: [0, 1]
  camera_model: pinhole
  distortion_coeffs: [-0.03698220549212955, 0.038888366480704616, -0.002220468703311755, -0.0003244490808566348]
  distortion_model: radtan
  intrinsics: [641.1846525222851, 644.3509479044253, 639.2368045158349, 359.5766841991367]
  resolution: [1280, 720]
  rostopic: /camera/color/image_raw
