cam0:
  cam_overlaps: [1]
  camera_model: pinhole
  distortion_coeffs: [-0.16998695426078894, 0.026823882498581624, 5.077913805189133e-05, -0.0011071201420993345]
  distortion_model: radtan
  intrinsics: [349.99007567079235, 347.62431502687247, 304.3619772059117, 177.64171735966335]
  resolution: [640, 360]
  rostopic: /zedm/zed_node/left_raw/image_raw_color
cam1:
  T_cn_cnm1:
  - [0.9999995001146783, -0.0009195756262624554, -0.00039262074815516276, -0.06270745754653449]
  - [0.0009196639024647968, 0.9999995518601731, 0.0002247170449656571, -8.929339797177271e-05]
  - [0.0003924139278888143, -0.00022507801176234287, 0.9999998976755891, 0.00042562229061276417]
  - [0.0, 0.0, 0.0, 1.0]
  cam_overlaps: [0]
  camera_model: pinhole
  distortion_coeffs: [-0.17388336499161344, 0.028633086899610652, 0.0003475896301207845, -0.0006476189802306191]
  distortion_model: radtan
  intrinsics: [350.5893475411215, 348.75896809705637, 308.4469497588654, 178.54491831124665]
  resolution: [640, 360]
  rostopic: /zedm/zed_node/right_raw/image_raw_color
