cam0:
  T_cam_imu:
  - [-0.999824601004396, -0.006392699375787057, 0.01760399446408928, 0.020120785905008574]
  - [0.01758799453866476, 0.0025504995316024282, 0.9998420662285857, -0.04544902357774571]
  - [-0.00643658873230011, 0.9999763138928995, -0.0024376174148376516, -0.11803932727918773]
  - [0.0, 0.0, 0.0, 1.0]
  cam_overlaps: []
  camera_model: pinhole
  distortion_coeffs: [-0.04872818566949451, 0.042772732562127394, 8.312043175509823e-05, 0.0005958215093906564]
  distortion_model: radtan
  intrinsics: [632.9093123287365, 633.2116864152113, 640.4839594188662, 366.32882051604616]
  resolution: [1280, 720]
  rostopic: /orin_d455_back_camera/color/image_raw
  timeshift_cam_imu: -0.0035077998119232476
